652503
616003
451586
385625
765094
41766
713666
875162
708067
318602
448083
177019
306729
352093
619051
647910
369818
639235
592623
459933
560724
222751
431376
913389
573731
263894
96818
651489
739603
296105
3209
142849
909233
983826
685216
555505
446392
374509
993661
53769
305017
461029
322353
582317
279980
883320
609119
241460
797456
61466
656368
863979
484831
723082
332442
499149
271249
734136
368954
499842
667506
731097
197533
532774
92896
853513
16609
340692
673751
478997
838125
280965
256374
472700
953175
650516
925381
870445
220781
317170
937638
486527
657419
512595
46880
967739
75810
24299
997710
354421
755042
131511
138312
866515
118351
988353
472911
913018
510817
367012
500532
444724
795443
454129
585439
486442
63671
618576
40738
266912
768731
329757
901879
197755
675777
41023
103282
752039
715584
872449
514862
509379
562020
144051
400828
699543
676486
418670
318803
384246
297620
519887
977881
855494
50876
281322
435295
494202
56220
99241
614936
940946
5412
847353
32848
813173
138157
572845
785964
911321
23567
96001
12606
53844
501697
165109
270284
112579
777687
47268
256729
710175
895844
95591
217607
913731
371772
500195
279828
156447
680800
522112
424217
101221
56672
461484
159236
478312
899275
690313
961315
234687
309731
568472
541666
434051
15442
971326
500342
973648
319422
867132
815927
296340
377615
544924
724322
478569
945748
121997
914707
868804
279831
224860
154225
408752
81701
254127
654572
499889
519920
590423
445498
33090
98483
278661
65829
192441
895000
347445
178379
708540
183266
105861
447398
484959
379766
217626
695042
110368
409431
181729
253831
545603
163896
912207
278843
127088
759601
125113
77229
635169
536293
448805
240663
282150
989966
981894
502887
984523
977762
975978
39086
159975
751513
575613
301418
529905
512462
491882
373664
719781
731049
568308
436525
681607
441743
48604
274476
359940
656049
744243
577250
937970
161020
181875
217949
594732
780078
10863
817355
768955
825380
167700
913959
820642
296829
658593
549015
114306
997698
19348
260997
669511
506572
583381
840212
205414
359481
801588
333238
363075
591123
35069
993479
714761
386127
492064
9092
859046
84664
909634
26129
931110
528217
679510
690751
683575
263964
530053
778265
166621
986155
251709
181083
913745
580113
370541
511843
194496
154794
991086
146736
932938
682220
579618
581786
282575
947444
961243
351116
953615
303942
626731
240889
205791
445029
976784
647180
288339
701926
861165
570430
944115
725318
953934
433674
495960
639943
77207
859146
650042
150024
412434
638154
992855
112499
542918
150258
397069
78725
480071
955676
96952
779779
54746
4014
77703
213855
372229
6470
321563
568769
904980
162501
965223
742346
842474
710595
412964
673784
41629
243398
37745
430671
560848
295509
814180
67740
931445
518028
98009
949384
787854
884086
787345
968781
106764
41088
520010
335597
932738
101242
614449
667659
640854
803119
657057
611626
550282
776737
79151
844102
344625
75616
982966
437316
440793
941711
819950
47446
167201
790740
917319
578950
84931
49987
809330
188825
967770
127292
824259
830721
132019
232233
94633
972793
654567
417447
940648
815456
690935
644267
629134
990892
936012
164527
92718
617226
17893
870463
374241
929944
341822
459839
616517
616906
593405
72341
759510
527997
41440
733268
181835
274874
854593
999210
166076
250762
367797
47827
762884
98905
760360
808023
853412
658341
246743
395506
415391
728604
655824
709119
677307
795799
73781
992034
292384
822665
790808
348999
337293
863196
104280
426073
126930
304058
539564
878354
748180
720567
318438
665618
280673
341218
770184
636634
910588
330228
389230
566126
449216
609837
73750
16336
508530
264488
149166
643498
31493
228915
745
468279
917089
895778
822280
327178
290138
772732
229900
709300
64653
980434
751369
120034
958118
349882
211994
596025
800186
872437
204831
664950
492835
310902
30832
843355
350799
958295
114461
472093
789739
569854
330153
516791
52916
184932
697776
841919
183131
739072
209790
335858
959531
125628
252704
191832
820236
113555
620083
299672
387089
428789
274019
235567
717490
379428
250858
354475
633295
473185
191239
314419
98985
806950
301178
131887
22205
588214
16010
379791
445603
724230
666652
302113
367016
426595
210993
920296
732069
973666
9894
724618
727844
262168
78470
273920
627544
263440
895017
586496
720294
504067
208993
463308
635844
97188
360097
178756
104080
47966
59435
692915
6869
27897
186055
846754
281876
233018
192581
716802
451265
745276
389188
402361
522289
790480
399849
936710
566125
949202
115279
284986
969761
788085
950231
734265
497145
28086
848948
508060
739491
372756
142441
645710
63873
334972
284040
558137
580256
669304
119006
96042
785587
343824
536753
985714
501875
911718
17245
743608
98494
223600
664602
185871
516886
200556
451346
105151
16859
433993
766111
715874
974802
195689
905533
896288
288588
278178
498459
825089
612439
365416
621821
528684
373532
290217
392398
933536
106389
451622
614142
962926
292140
709873
562293
127908
720083
260457
792932
280743
124279
575475
118045
35552
38404
255900
885548
177601
694163
576928
236897
327991
671019
445392
1152
172567
759326
203042
546990
181001
412694
809107
167421
393321
69859
635151
25782
734405
618127
994103
564202
586042
714317
693699
819366
574877
901132
824925
128458
441808
794547
417235
126307
282249
267935
849554
761495
974683
990412
926079
33304
360673
627433
150226
270573
565379
626334
365273
609344
499485
293739
949027
355642
603837
394545
979242
371095
913407
153940
588361
790871
891555
94046
53850
191536
290691
383802
681879
614639
409609
549849
643702
357308
825108
299253
936168
313216
225978
116607
56187
710758
287598
625217
350318
520330
778056
287559
55734
98936
884061
26354
636381
622294
816457
800115
704654
194099
901297
215243
532110
27682
404648
515236
567128
353720
906240
464449
865420
35105
142547
213430
774806
556478
833948
911648
35791
73022
870677
185915
374090
639493
682418
935593
31694
919250
45489
606427
434226
851821
516828
576682
221342
626015
298074
225018
218927
555520
658390
459347
923778
861217
189295
768534
486440
917303
168125
457714
384708
133277
590346
788393
157061
969765
535327
811144
545053
694959
207415
665586
369160
576863
542163
193322
47880
871968
647670
203438
927787
404616
486627
507693
721292
921062
241109
562501
951182
997348
25678
138130
87689
878058
684112
478745
710049
129179
376192
815416
853447
397462
438449
360863
908323
387070
522956
669410
996581
897322
416386
633510
610219
568410
852919
981400
90631
100948
141855
818871
661112
584896
529992
378194
23601
587734
684248
958300
706366
685385
895065
535404
258273
433165
454057
152543
192244
262690
548033
312831
300543
206286
596470
276103
39234
339792
961697
582945
128723
659837
538140
576960
921951
913447
867062
102412
152343
242897
344361
218993
926769
244301
841113
320
409550
535068
567212
271766
419297
422743
311113
664033
549488
353025
295266
294187
16051
40792
317044
67511
362887
365964