75591
146244
24909
117346
172963
158711
172872
137656
23847
85771
160557
17077
115113
1872
165252
7154
131812
141302
195107
164378
186618
29449
70149
76248
111952
171004
19968
187790
141370
12792
119641
40855
178679
194018
173431
192545
168147
134501
47664
191167
40150
183150
59709
78717
93619
157850
185419
119787
193035
171254
123460
12994
165416
83676
78512
130219
145058
73106
187617
10195
36056
131755
82311
118575
132934
20583
99169
158317
137510
14323
166937
195702
92463
105549
153309
194041
77043
111246
143063
9169
22430
61179
145489
154741
90113
27851
60279
177660
5294
55496
67587
41526
183038
159627
70932
150881
33636
58536
13797
148862
193125
133446
141104
67644
74073
93512
41127
184551
162413
176396
140047
30751
182023
117736
137649
137448
76755
115326
172998
109516
169762
85161
24052
161462
153628
12436
36554
138334
3063
57236
8406
13028
151112
27206
43686
2331
131704
74571
53183
24397
125881
113535
59102
41223
190487
3399
24606
9822
199782
11302
16403
184163
166524
131609
20483
174731
11442
95939
118885
140980
11273
111213
191231
11296
11480
154634
187133
146298
156283
91651
118982
90368
109713
136276
113325
18562
14235
142405
15409
27890
1116
104709
102451
4622
87963
181059
113963
37070
87566
34442
181680
90046
72177
55171
186499
47505
12392
63277
17921
36098
3263
170027
32224
135159
40746
54517
141532
12291
182832
25948
163808
159483
34518
53390
198866
7614
147892
89684
56968
88826
129437
25865
16012
146269
76765
56630
181549
12354
178317
162465
102015
198220
150345
179759
12710
165344
134241
51151
166298
183812
108082
73830
68343
74947
141000
42547
36990
147058
190091
15195
136882
29964
110188
138715
11772
94081
99921
8071
198140
107933
78750
141771
79466
138608
103230
44777
41738
67056
47144
86973
73193
12794
4060
170286
198663
16971
49814
49277
85282
173506
1605
4796
118629
55804
131895
7737
153349
18041
12734
62
9828
96287
150141
46547
78110
80080
41924
119229
67855
23884
192024
139971
116394
89676
96645
134198
60089
192098
79875
177616
167068
195777
28757
101231
50887
97945
49909
182328
164785
119170
64336
149169
197916
59693
124423
129994
35666
153720
23789
35097
71021
141847
51191
68044
52428
129613
15975
88697
74705
127989
16160
39733
6760
140753
12236
110020
81837
162280
15447
8197
12649
14298
1520
67229
142289
161645
3774
73061
28521
13772
89516
97981
19124
45739
7750
196349
183202
141226
8922
7833
135737
18707
182328
160055
145300
160913
137976
61065
120149
33413
79973
56790
84340
33308
156707
54466
179522
93726
153037
19792
45322
94693
94754
102291
198712
94024
137586
157759
139244
103876
179910
134472
116460
64496
131713
45354
3004
39053
197518
83213
23985
87134
4927
53199
6827
112739
9240
78265
47364
124496
98660
111133
107091
116044
74058
24576
130650
46169
29333
59067
138273
27627
112694
66466
88157
77791
144169
111917
149989
15686
139146
761
29860
119965
137652
76665
20438
122529
86047
7191
137163
92511
72792
27114
193880
174103
82577
135070
72795
60709
188429
90927
91679
76532
78975
165348
18943
40884
119765
166598
82081
198558
133942
11985
191018
15343
49711
24218
152682
191124
66318
191718
63683
187157
138208
146633
121951
60772
181001
56959
197920
18467
2926
180155
152022
15376
97362
22302
72059
180183
