431443
197113
740342
719490
199521
639388
703647
382588
114512
191838
517322
500297
278791
235248
806947
173946
38932
928068
377641
124680
362362
395936
506772
748748
926894
259934
664011
984613
841330
601218
603134
252488
847980
305868
900145
28437
711408
558474
569415
150544
111902
917437
52477
381319
685966
404551
690389
761121
286637
796058
843784
248608
274013
536978
828818
498429
243576
803568
519254
529533
3466
372965
842032
384850
36268
219793
636921
123763
865887
539961
534392
829642
798019
410889
227941
282797
864226
910656
996626
103463
215465
46698
180094
115216
171446
686637
508768
471744
373941
755833
65297
514428
926336
259343
533303
495124
930990
540325
357323
629838
172372
904204
940960
683973
691126
677117
116535
577581
248797
409455
812216
663271
328319
655446
767433
565936
796367
306864
453720
7407
979034
841901
626000
752758
520654
308493
928583
195274
374557
407842
289958
727001
25424
504660
93620
206958
28653
311709
914439
232856
411444
305335
244888
119440
280012
210726
207602
158946
502623
980873
585923
902088
811424
345657
636701
175426
457306
735526
303285
787316
282999
360500
999686
715338
567709
898067
14062
34742
968418
230085
860053
182894
172467
142190
45909
893995
555975
263518
813069
121133
969516
709963
721835
168150
925965
754389
443731
3481
145127
579880
902055
607549
83000
331726
328042
620633
156883
714281
755576
97894
169611
131325
518351
640639
460252
813873
677564
637865
954682
688559
790339
216094
583435
807057
79948
341364
507381
570418
315133
479309
267082
833225
809274
999907
898177
666342
149779
705609
7966
639637
969666
533368
224721
154379
169872
679016
758702
704047
352597
890574
691723
106307
413959
928743
414400
46216
705123
996995
352260
775157
867042
508497
967689
138167
105279
127422
727592
499070
266793
822601
710336
589760
520968
850984
136342
152688
564729
541590
329704
208893
633605
919008
290439
293255
656456
343655
685690
692403
212093
622636
414220
723540
405953
708689
553755
971838
236750
77786
676383
38543
841943
369211
4652
22810
365829
566810
45428
500918
72432
510296
652661
557814
30998
735091
433583
205724
515602
815904
52552
974935
544709
307517
399828
838915
704420
575274
580440
476555
883695
812668
387533
266916
323847
681853
18377
960645
177859
552206
322030
587208
312396
619010
396306
368247
256721
20358
48636
829732
119694
983714
28645
452866
566738
133201
641204
941451
553723
29921
279244
939889
983547
903379
165506
342565
574081
259734
258148
953451
988540
881003
409226
724663
64551
18530
917659
186945
995321
910477
766381
927939
512700
770916
939919
461331
795942
630570
185162
717111
105755
83064
578361
847018
672358
798135
697950
620098
661936
190777
555632
901852
12626
602294
276811
260511
489668
456486
613666
288108
798867
929311
584318
947623
701530
921478
871442
45779
176687
751594
770627
100865
677621
832250
799201
226046
388459
645869
435683
573464
13866
493774
907432
138439
195054
679090
670073
12082
640561
799964
456178
585742
200072
993566
953651
756188
469733
732029
450974
95394
206449
357267
562477
660055
365565
711197
904243
73247
529929
430953
271006
283453
963638
767469
695588
615323
641203
862933
293057
347023
120676
485321
311071
841686
423896
515425
140421
192142
117840
327236
542557
57891
993237
285847
769641
488118
419749
357671
94461
280523
362789
719329
743203
603542
918481
259874
976
504049
55538
994703
140990
274015
413457
151791
202203
364414
373466
739918
315990
283371
724047
600159
593842
405962
723417
227641
153616
666593
945035
356778
260663
111106
692475
46738
135030
733096
35669
458822
963499
117248
467363
128147
105001
701783
353955
645022
696121
802420
528442
257927
602891
216569
630798
920339
287207
661940
285752
584776
890551
152332
298162
608465
665177
316472
91453
830853
870576
369549
926507
910313
47829
374820
578983
997124
512165
371800
755816
684518
771523
87696
423142
293202
181443
875583
558428
473095
749576
901264
416055
160537
385874
1368
590064
617847
173551
701189
10900
563307
908674
637791
289497
804285
212586
190666
517525
639798
105999
903329
888454
153452
756042
560424
43653
494202
832432
405862
655702
2883
166277
202406
566530
307145
872362
887969
712462
622183
489320
440516
696821
35744
346961
282080
317983
823861
979689
745982
121290
952253
571139
643459
538271
284938
463145
233581
814806
928546
641261
193453
902429
955377
437246
623408
965917
465379
831065
463368
556870
62354
217875
114470
885811
607668
376074
755840
937240
788635
596719
841375
101063
343093
743939
379503
119548
513289
729403
792689
286556
416321
576804
898685
528538
732860
993198
344572
742249
368450
196770
57390
148568
900202
40154
686535
105172
583078
843591
28458
994476
3336
974399
368390
804642
943114
982648
767461
684032
919884
125937
684834
869598
363092
967120
263607
419818
762782
40023
935525
101101
297362
368456
669956
830176
17458
136208
201874
881062
724853
231730
317800
841665
173424
805989
213241
211112
895131
122335
871620
450128
867390
550841
578232
833284
912805
985629
347234
916285
969378
470561
565763
734173
109106
514999
398995
672179
22219
761057
604713
487047
490826
686397
551045
929306
265561
418398
683441
165805
978609
647360
160489
786383
296325
444150
938082
916007
991788
926770
801701
708343
224478
764621
313448
398745
884001
404031
346617
812593
50606
36801
201804
441714
904726
15930
392625
720016
267244
454054
128496
120732
696896
952443
571428
31572
202909
200632
945918
785343
485826
157878
642980
229935
912788
528781
397476
228038
339829
120578
599358
548947
156716
601748
551303
661163
94360
796254
521343
415336
270335
621454
244134
326197
240985
328412
173621
752393
404179
79576
134007
469850
852788
284381
876468
230500
904659
210134
698285
271509
799725
645380
851303
365000
541518
264277
549741
150422
898208
958069
530451
759107
721543
543841
133326
362484
215335
30544
18045
767770
90683
911622
352221
205324
492155
998530
322886
978505
976884
416109
121432
549285
381492
357091
102103
374580
919359
850854
352407
525427
575351
367862
604678
485156
798882
834984
756871
804397
156463
400686
145105
393837
464795
866974
75555
861770
869686
947911
230470
782895
904639
914224
814594
561896
587602
613091
56158
23172
775529
460716
605819
483103
571915
119672
775161
637920
963911
987739
135185
496295
518362
453470
750673
941372
49891
817575
80823
9889
11003
116945
988634
990414
672021
38423
506119
357943
266680
100307
736831
42338
95030
117560
597319
574657
394503
785543
948336
659143
576915
728012
859225
966672
954972
138287
832409
919011
681347
428732
855691
663190
677783
933061
122197
313785
188766
413496
743131
665877
570421
329701
784682
704311
640441
89890
643892
772012
23647
65898
29033
983948
56303
592684
579952
857043
793637
148
166471
338340
479125
238161
317528
201700
944563
242225
947960
544461
185413
446820
643630
536195
575749
797414
511136
545837
69928
277252
73963
282356
198587
615842
785018
233777
399191
178058
99207
998278
532844
975910
537799
853383
249859
71811
435394
861361
442447
864852
338272
747096
628597
871631
83725
353665
896949
196883
550550
913503
837820
107484
70024
235747
398483
582955
296115
524174
755025
570783
273913
750443
576854
234025
848764
672053
227145
118691
387230
940164
413768
708737
223684
664057
526333
140529
709446
767700
111409
99181
427465
281987
650402
660304
520675
228622
910535
783084
319301
310104
257456
11528
594541
975430
351888
623376
241194
785533
57632
85373
475178
437177
35665
452372
337404
103386
967770
672370
448943
27619
992476
150238
859494
145080
361441
945632
379510
417476
346128
518382
876675
606298
151181
355948
951989
457029
514844
399460
259339
17421
501024
192708
461571
891744
996922
764008
337158
621050
275748
959363
630472
695565
932528
670011
596396
824038
330313
106188
99314
737173
794702
644381
952057
462570
141327
216235
770811
631399
770877
537296
369333
261729
852193
589753
560000
551965
560304
880520
722055
785023
809129
242688
782128
380253
782118
410313
277050
156959
88985
904909
981623
835177
200997
302202
782523
150617
771326
581475
474615
67509
447644
850708
101848
973420
647808
461907
910
959517
371907
950620
734551
460737
811407
127071
592586
543606
4329
376362
986507
797008
130177
231200
249500
894812
466668
130738
153710
463549
969048
447604
591377
751126
641753
765801
291395
968609
506561
175277
207679
427607
665834
939080
952054
221438
396835
463334
234175
936754
236334
998209
48678
235086
269
278545
888615
760563
601318
843031
435943
847958
25614
804173
310377
48226
961792
367632
826723
651449
779914
559120
846361
272810
726092
150115
486334
118008
918977
940227
710556
18588
785031
380173
575962
179406
983491
827963
213791
51886
335860
279027
275078
362872
479548
442572
443339
137075
93750
134726
77758
880015
257087
786156
212664
696746
834467
941390
236407
834769
52445
209851
661159
768451
283415
582151
527445
73916
759795
538514
540346
317242
367095
867657
478905
272273
495548
975759
924283
382760
498875
31741
952651
664249
224812
12274
220585
587113
470131
133709
824746
931347
426134
872917
332767
218138
793333
723502
658970
602358
463377
30901
146866
517928
962139
894658
798969
868225
264937
660910
272434
291249
89341
413762
34534
131405
404368
342928
559266
211601
59235
631098
119040
521083
904854
584170
396314
5203
773746
640197
217363
501361
353723
575386
457358
519160
836862
837940
220718
398876
14577
696282
487785
104113
473823
511559
150760
611583
501044
885228
174532
834522
357483
63503
378047
706129
306416
862601
486208
185279
482354
748167
840713
836293
177288
416841
538968
474349
374630
639735
461759
772675
997016
831908
869261
35423
646342
765486
309131
281465
323414
647533
677287
918775
41742
450005
866445
27547
360621
603934
430616
125978
262271
966187
973145
112222
706351
682349
822521
535772
613903
83340
577801
916872
974027
507256
950645
889688
339989
468798
380205
298711
163622
983994
506670
602125
374171
465793
433923
236706
991108
772257
5576
62430
96924
569574
973642
214357
63386
63
614560
579140
708513
60199
841832
83045
409412
71254
802288
382090
940076
894676
86052
95229
401423
50394
516838
216613
147098
910864
87363
889998
212140
964334
436360
191062
501031
410011
838307
639385
810750
690222
252940
639489
26798
615487
734873
131437
876191
39898
926543
415830
408258
129345
445628
204332
923729
896250
818
399304
967766
774531
369413
135713
858476
52688
281343
164367
160529
845043
74672
633335
929923
32463
430029
384903
566142
711269
425267
404732
41381
484024
626702
483125
641065
739314
445761
211906
781961
403632
354258
699444
609699
195589
185976
663107
469924
180342
7327
560733
617902
999021
978692
770446
325512
832125
632562
119816
913888
254181
394090
255523
758298
325988
93144
728672
764015
285400
414
656813
804031
888901
26432
585396
702542
231334
151025
922397
731075
884715
18901
588548
980954
54082
351039
561919
304368
169206
250432
622364
478338
109937
832315
399957
179568
410650
192973
891559
399914
368550
515122
150228
923103
565843
42654
757115
525128
914071
914247
347279
992204
409595
740372
57001
773589
849628
409267
546714
960666
918864
9095
715793
609456
508927
90106
401890
405782
816489
197605
458393
452724
613277
329713
481528
513413
415363
270935
792894
216565
334016
91484
273159
494937
6938
125473
371010
482377
469286
237226
457004
113470
891918
636825
493690
270758
151107
671553
106092
575875
452168
316766
661231
183095
813075
411509
101711
117421
629411
433911
245920
994205
798130
798492
744785
259107
933003
683904
501915
714424
264619
125317
886281
577963
362895
462632
375233
938315
392012
331949
946970
180007
843012
143768
306065
368628
449390
245355
526036
705302
233661
996056
721323
595766
455083
185079
281445
818649
526740
318566
840039
263736
754350
412028
683257
130966
78123
488199
961066
872512
453854
809792
193551
27019
766875
408901
468497
112579
82564
115408
600959
620954
490143
831656
464521
178370
164411
663219
882263
634547
356140
572468
255181
966879
850203
957338
21956
878164
206013
724440
223755
858290
550654
772549
56122
800952
387612
305161
140688
202004
744692
398994
703459
299032
356120
299700
252718
921026
727034
240403
325026
811888
61919
644395
843403
373907
439506
411522
61714
890481
774974
273314
401331
301187
247910
314166
23016
883463
674083
571572
907035
185081
674714
440439
601459
47801
897681
531652
553195
991711
984018
191716
76446
683640
338253
543311
535917
366680
355020
128288
913735
18031
135519
693850
739038
260104
974871
752532
645129
886464
881603
859420
434189
345858
531245
230468
817205
543776
884427
896036
411960
172257
989269
249819
276901
266035
290286
962840
798615
39611
635089
340969
959606
664652
901670
821323
127335
309887
508160
584498
400710
40467
101666
78873
115952
912100
257931
59178
352905
360817
790721
327234
886606
416367
958304
821485
399843
116635
463732
240870
25158
18718
632540
63884
628499
69140
721501
122162
25302
744305
611822
839154
277065
517393
746291
480519
902873
710234
773199
806309
342159
687222
169209
635563
733090
172922
421909
389279
801636
683500
332000
303280
513433
555944
743304
714142
733038
587483
357220
965211
555814
798605
525662
850875
816572
168525
731569
123152
436299
110275
784606
282227
739935
948615
490059
602076
3630
191360
88164
652022
988846
510576
581589
37357
329734
403117
332865
857018
172405
868197
444985
168110
519659
252965
907453
366960
142402
424649
796870
59724
190837
377175
696048
818742
324938
707641
354535
550807
354602
582350
906981
187137
572664
311741
678949
225074
478984
239696
129995
791024
554889
320280
245431
381767
404711
702757
285756
809487
998422
343103
427160
666243
583089
12052
971521
427158
149765
944862
56911
820396
262780
178869
138560
913055
922198
839680
723994
307218
329021
502737
874237
536928
53531
89502
969206
149352
652196
199270
729585
642443
995324
133133
340223
699609
636110
363216
651910
820814
906293
383952
422099
798586
763045
196523
400489
574581
792327
888286
23146
473635
314305
635241
748507
705877
46770
2538
186134
928227
45867
88790
167
6939
581741
51020
373149
968738
41666
660296
825820
86793
483660
334533
340142
982513
765098
391293
250549
98005
545087
935684
143653
34971
661886
231997
770387
544156
270069
534483
84101
508028
463203
71278
149102
611451
308884
864057
740047
319431
873140
514006
199434
804500
698728
543003
549540
819937
587478
804475
599575
657723
216112
671890
77350
906150
164249
567627
914430
749670
566872
413592
160178
617380
681244
155360
701484
584020
948214
567304
166818
304280
169041
154925
705972
602239
540078
478855
830812
876293
351188
889859
534830
817218
345646
300741
951877
568019
485608
251877
457668
205316
468732
990175
882666
538541
144220
529833
81616
303668
369218
368315
723180
970485
67987
85185
96007
976051
279070
36712
249852
183231
189132
661879
722411
625222
644730
818370
715550
808912
826846
21999
203833
560153
458121
396760
195551
143392
502650
462161
294176
624009
277973
460464
42916
30730
254060
125990
182575
701161
943840
172157
512129
923857
269356
999517
864011
874379
814356
871167
836803
211855
689413
377541
309639
281256
977330
79596
782580
314140
354832
335069
442614
2541
204131
476937
760532
727355
732269
96993
941151
283494
519597
422190
947044
842837
539381
101010
98798
594883
903474
638404
104342
800760
549843
369589
183754
673402
35865
265848
412086
174838
712913
493555
72722
595749
115289
183960
419698
611312
591833
835864
631798
922950
818270
120119
366933
508820
507982
357568
930857
512405
351226
236634
869501
723726
186678
758510
885549
116904
267604
640899
283163
672012
290009
338205
33552
968652
188144
580496
198740
499657
510303
396490
810659
800085
31877
742250
940443
766928
19177
20321
159540
282788
644244
588339
194012
474982
803993
333502
461095
141262
363584
381845
741752
910220
131292
782485
678657
686310
673024
513397
844492
863791
205908
534108
212342
18542
456703
130122
973313
665057
729090
125876
673029
188387
557289
859025
621991
99043
250286
940308
610123
325153
608060
47492
996559
487813
788498
180169
767307
221982
627015
341120
288123
845343
503187
48591
211298
620365
273486
370945
223751
610049
149028
947121
168219
775761
536261
606182
399851
809257
722167
464488
240729
623100
361198
694310
461840
480904
448191
248013
156241
990490
203415
808249
945030
582200
428846
538778
820289
978141
131043
461949
238652
430685
429532
133950
152735
566367
441431
153137
540062
339565
422366
543529
496791
994852
786242
780582
561011
558966
255379
950405
444589
612655
514037
85297
94414
114403
861625
637806
98545
401231
355740
32480
233899
765560
869867
779183
787721
846607
907349
438483
377666
525283
359917
937221
258375
332248
25192
349241
755239
934241
465430
694853
466028
769010
689496
881024
12355
647244
165801
345705
686561
904973
846618
284704
764517
321377
669168
979235
822458
298191
817918
547710
778522
672521
142411
308574
201052
217682
760967
387418
525579
564060
466005
661486
286306
68540
685877
792674
454656
694216
609490
485831
145873
798477
564932
428361
540877
352198
786791
47629
797090
461796
212776
512299
181069
548715
133200
529416
145061
198986
730791
912124
946061
680344
386984
72149
752721
237096
749560
974771
80542
369445
884808
474531
721350
656892
535402
588459
549393
273168
744109
266204
717643
552803
793774
477005
599756
38292
277892
289509
590053
944837
173597
876302
680313
869554
36157
401427
999106
727906
350446
27393
532763
322540
549332
749053
17849
397629
775173
774770
127660
296559
453261
149679
242064
193980
436321
160471
416873
708891
685888
585289
221186
236565
965846
7833
624406
193284
666368
876042
451396
424200
643590
36138
593671
52740
876224
936225
424150
562399
871165
318852
344635
998726
273662
131135
730403
971910
796959
244864
681685
71249
140618
924784
827185
739519
360913
107637
781533
15738
854127
342827
439456
626059
298542
263547
127081
736996
634269
832285
224997
589214
22666
236204
460379
215828
171936
610656
672103
361557
374217
242666
372933
53905
580441
829307
304099
49154
717516
721468
389867
984081
349032
901617
154269
465384
467695
281320
244768
647976
580833
975141
968482
406902
813576
884406
105262
396479
821955
649714
532487
733601
609307
505951
117296
875202
978095
553179
952068
934061
446750
396777
557483
829541
268681
680426
192522
121885
376877
216657
871692
397688
605767
586526
590816
377085
657442
773264
194696
270802
618219
399153
52685
896667
310964
658363
42363
194716
24209
994948
6978
113934
173211
201391
250952
100922
853536
160757
778073
127655
237680
601886
716810
249703
210455
454317
71904
701469
618271
303632
216654
986818
720842
193715
510506
279612
573072
543489
23525
425634
925067
879580
94053
394275
32355
749523
59240
604205
456771
118058
801501
90252
646605
901158
796666
63223
492420
110029
424737
947799
864930
333272
399927
381735
971721
575427
111757
852584
110014
2164
396769
256752
4285
991701
602480
829329
277225
994916
402845
494531
168743
382679
238894
93324
424736
417371
759255
731331
669764
645959
128495
688456
397660
341680
884617
905804
935874
693425
263183
527068
33963
38222
198196
852282
300615
874184
281615
367814
531737
885480
139388
435199
864155
405681
148625
629770
281015
897925
323073
93774
354979
149183
43418
262820
38119
577667
723447
648857
335795
867135
437962
141014
288186
228764
310687
505282
499990
361218
673775
122242
842059
574950
200990
618645
438483
693728
927757
381710
315613
650440
174140
372126
986146
257480
219453
404494
165065
467118
348887
308879
457033
182409
740355
778594
185297
49330
340300
957517
739583
827615
196359
208879
268372
842829
967968
352719
937868
912623
365726
57415
5455
970808
279420
312064
653399
396965
112415
995266
658400
679312
715054
501291
485854
552602
13081
118332
255708
403406
383855
303970
856692
922122
787908
513207
808454
700625
672529
350983
117280
804636
805081
452677
477346
761917
441872
416454
50681
966031
296588
126462
993528
621786
308651
419415
190511
258635
997512
430842
456727
771021
858132
500362
236901
950165
15449
862756
300323
873935
687422
936571
648182
777333
603419
920890
320712
246977
124239
54183
504823
222464
539828
499660
484411
853615
817838
242370
894778
263270
74950
461228
372421
959698
952922
10051
701530
185016
318270
716517
664815
740476
367280
752763
26042
511544
554817
24038
482960
834034
429651
449377
174867
953687
399068
885890
909718
589483
613988
162609
112617
970340
795341
134032
792583
743760
812801
352110
84875
225225
393584
176166
401871
278344
531082
858164
504936
987278
685065
951598
682382
698977
808420
154883
471514
828601
529339
881809
659234
263038
500075
821091
340507
727966
98991
42461
624834
71042
655100
899206
338352
433292
373237
896671
483376
612401
599777
537292
592675
47910
289361
474782
153931
374790
758437
556925
265340
385938
684912
273567
692211
211838
349414
832751
615367
664860
70067
843224
324872
646336
40228
756620
235668
648574
393070
292222
669008
791459
884066
526012
157914
45156
501663
871885
150109
185710
575858
805387
38090
214108
304757
626690
985125
575
56141
836052
862595
922137
961108
306590
365437
609117
419824
927455
641098
906368
763438
37586
566194
414397
840327
491898
273367
78217
608575
528010
177969
34569
12838
275139
518855
281654
221136
667370
629015
56186
534649
947071
281676
582244
609233
960304
255325
694747
65207
437169
275487
698542
756864
28706
923757
464489
40611
130882
840330
317129
643548
329794
624990
969379
989020
778998
163852
416477
270636
236553
441783
409711
829537
259450
38859
340421
18727
504337
341047
363477
175291
193846
368554
232339
180536
942118
445261
919422
299484
270729
338512
135398
553688
15027
917801
800895
907887
505839
553426
392915
384141
546272
259233
225002
709624
682424
204947
98353
263437
52895
313824
845893
900788
444784
876124
397196
565444
234613
131107
222602
483410
345449
529843
817361
148279
97602
49360
385339
638741
882625
281316
101684
692744
414606
209836
846323
850940
369045
289354
458434
214362
519698
584753
470986
387887
145550
98428
517796
740481
170435
995272
917935
665025
164111
701952
91870
338766
574490
749311
875716
806390
452132
277268
810555
770976
598001
323993
175152
539635
446395
928708
698139
351176
619504
636995
806405
656431
981995
766167
840743
455355
455905
875396
82374
632221
197853
919047
682172
547247
120163
368671
891957
63693
485529
715394
654435
893875
772971
986929
430056
479936
972011
947825
682828
273904
480910
454896
435737
111477
736043
919571
701800
799663
778080
14409
810168
180829
91496
61506
965546
433352
184829
863397
401495
841320
602386
793499
253647
448432
687299
835026
359668
961525
29824
372787
845073
19902
681884
327828
943881
899933
527324
152501
584486
892033
908727
365667
500470
893291
850884
975385
694857
787198
55978
968305
26913
353942
233037
186109
909505
802991
983892
943120
49803
57984
736743
370911
76812
755911
606040
143904
890111
193896
299430
5764
885394
608535
41291
455970
257118
647178
229223
766568
704247
656330
846265
605806
180775
823802
395108
798134
820336
363461
270716
683635
512251
502827
311326
763468
451587
633535
496071
882353
552579
846490
185314
767819
982673
464809
467156
742457
85912
825735
923913
538681
743091
684444
211583
50480
62151
397787
102418
645209
694459
723873
561030
495023
511602
849711
207849
710503
81322
994103
517552
837276
611822
324627
964843
780515
304195
429634
285146
647113
980310
843430
313338
163803
544705
992346
587511
4042
453901
797327
920204
732952
703498
807371
613957
781446
76247
698965
896717
737553
760907
521617
401659
251783
475069
383952
48697
933984
567515
757421
77383
854093
595653
889000
423876
681385
828074
791508
92861
248472
259029
429852
434931
940762
365863
439449
480695
51481
623615
154426
395678
936696
610641
572013
573718
739422
141306
110710
963964
665034
562177
412178
225404
548281
995794
138525
628393
422746
610409
927293
580695
169026
674684
745146
457452
377162
447896
98761
989774
747431
451352
577156
501287
936163
899245
809900
4998
919623
371909
49127
376814
436881
542161
994102
137529
263673
89612
725271
715320
854922
838365
155468
81032
425948
189239
626701
830522
423097
94876
151811
532786
764682
440889
530796
244358
424777
68961
303117
297245
50036
93103
937754
911375
610104
516736
426811
503894
710380
787607
421344
168357
825438
252073
740760
616686
32481
986771
199227
581457
564608
546065
684144
746357
53791
795318
624354
662059
92068
739317
553383
978710
894067
226868
602069
952845
246311
76815
629448
878535
443341
72961
108650
719875
442790
924824
547225
536693
959482
567639
749781
379032
737913
93303
440245
942947
422496
6462
262766
433791
222962
433855
158317
736151
14067
668537
235193
962782
229663
447497
785871
245218
993463
410821
683884
624878
897945
626643
827617
456129
740249
234400
141378
520064
85974
970240
99098
64766
569405
404218
67769
62535
689313
169644
540531
930315
89996
144167
338982
56303
830506
354947
512138
352877
746062
126802
356184
907382
715783
314142
568259
708374
93455
868389
323456
216512
831589
207793
913013
393456
460380
929762
680831
658691
24667
35661
355551
128352
953710
602258
519249
168937
514904
420227
227512
385815
940763
568788
851570
569345
126427
309014
796323
458571
443087
857411
8864
913587
404157
851531
678803
623209
370926
477519
535449
430290
582940
629996
292909
15674
658819
749595
619152
678468
995579
667416
498138
471280
957237
183284
183079
621092
448176
937452
522576
380017
128364
162573
633195
489147
274104
564053
7686
594148
744529
478084
125307
455563
309902
743324
438919
608719
450642
71305
819808
484088
863096
827059
742200
89057
734089
62615
654999
208085
851501
297013
605689
385624
897890
399698
852355
977553
868791
902395
675128
478118
114840
578686
94813
825730
444600
65531
966997
304361
420652
356974
326234
468148
452111
260854
577712
645271
509837
242343
455404
531648
952792
924855
423210
370223
600533
141483
46972
504935
792387
745986
901832
909255
236616
756874
403359
519298
81892
4349
555537
198601
728941
501969
445274
949815
759431
182127
170912
403215
632351
193528
548546
358497
644480
962844
589325
744642
425476
542632
180104
914154
80819
309158
944204
693420
809420
311335
281032
205244
546765
322665
199655
521948
42326
179362
727996
966201
169164
187234
48595
167103
238554
391511
689528
591194
162375
98930
154833
502291
980960
74403
566060
999569
676654
230670
673016
967450
382737
211152
256237
5870
736353
486619
728462
730856
522452
517693
885785
307583
274245
708038
53093
629418
638737
666561
90070
3978
452034
345892
194890
126688
132875
731562
202706
47134
448399
788171
715020
76128
73309
753752
185018
274248
14708
443998
222272
4247
164677
484732
887845
999291
843300
767997
658533
525467
820483
548379
624381
94332
708405
330750
330158
484959
486699
91304
583510
66309
954495
428920
297519
561130
858034
927564
224561
367785
664387
473785
159314
516583
363218
586592
473607
24369
59139
95523
706651
365692
660520
954589
863331
460881
973497
936027
452340
140106
876688
797144
392389
553541
751867
734364
33415
772195
409773
782644
708994
703480
369782
664609
865417
648598
871471
410089
858291
690923
86765
57591
943439
800885
925908
668175
325607
396907
895020
590791
254473
887793
417562
581632
702942
182732
491852
833674
974601
588425
818633
410877
517408
125769
465741
175173
32117
96701
787806
499484
27490
562219
106638
528612
309877
872600
55208
631460
581915
879108
397611
682709
982299
496348
717527
957008
375695
269866
535701
399672
528782
255328
515493
230412
475942
848701
260166
16149
487362
795763
444568
487979
661942
747236
111677
304994
462016
970446
713456
536973
287830
360477
336438
412625
685462
151425
818063
88471
465865
459054
314387
106050
805376
940784
212580
190983
608923
436916
532249
722376
493027
714333
116014
101756
446964
259512
762617
688953
207331
416628
5201
677497
959039
592582
666932
455613
375834
469129
650257
249150
667422
171948
892989
799464
52134
246232
176638
734201
651219
405084
601865
12643
207104
800591
331877
840690
579765
861266
514611
505118
168346
18127
16710
257095
867322
556660
343587
448331
411923
924620
226277
72612
350232
961378
124084
919925
641407
849175
132956
895341
188807
699350
619179
377809
172985
286854
325520
550575
924793
619748
790357
700261
960555
637413
348588
159740
609153
58445
504487
989525
542360
514347
560218
308185
658981
897864
839684
122770
140085
303249
825621
652262
367226
307629
515552
478899
907264
12239
538392
129497
780169
297793
508012
582531
425801
583594
674608
462198
264973
903642
478701
419314
2225
829989
327358
81235
813561
155933
998743
522979
927347
472263
175675
519141
3885
354279
718354
574292
12514
729414
832036
374105
205436
735233
108155
377900
469943
711086
880710
969692
630411
574948
598401
98159
270415
593336
303622
142411
944951
512128
525303
81628
699842
862357
918402
156042
111941
447273
944783
93210
906144
103753
381330
432754
914584
44801
946162
582443
341432
805651
249231
902136
572883
806386
709518
202700
823010
72503
161153
11060
182074
343753
55877
298777
766458
552624
222161
47804
702084
827739
956433
693316
200175
726299
374685
49430
951825
667742
152710
838251
240514
129839
366388
563242
56227
738379
829113
481775
926143
833583
353905
592704
848158
176080
581751
309352
341510
966604
727159
501509
923720
980898
745592
176330
942085
166223
144720
620758
172782
145837
205136
568781
750388
761270
902316
421764
878682
346745
980583
550251
273245
471888
532851
351916
138334
360575
48703
668604
795070
96967
179
619317
114316
743737
96218
5336
34302
942211
279178
102988
118981
192466
357220
676752
960709
614158
87333
915071
888603
552078
195969
513483
926015
784570
429405
254991
495609
937778
25655
904315
322864
792795
685472
556222
333530
705380
11155
476814
13389
654035
994505
698583
439807
890358
180048
687188
858793
679173
656182
347802
741149
856206
845535
179372
281244
629994
897553
563485
906857
575317
569865
944054
921218
146822
340117
972038
518587
842000
989307
753797
456281
675073
864279
751208
280907
272860
98728
826168
607933
692369
487807
227154
428842
48799
101775
105999
948397
915849
740421
480480
400016
358072
829018
456627
159044
160738
898172
555974
855127
107357
242511
645028
642338
287325
379807
667884
187350
397849
450160
944998
449468
769613
816667
635232
19868
294216
449076
580384
248121
149905
64084
472593
132351
444463
164162
448264
855118
389743
953165
215011
157916
467947
222297
165014
318353
231597
957063
264797
205112
440129
865675
427310
296655
320390
513540
191238
443570
295442
503153
912927
830226
204513
237490
631451
818220
827849
962010
325483
579732
63535
158929
651441
766018
541540
38919
804676
581464
343891
131516
505745
29569
291890
142421
188575
181184
537416
109198
611858
644712
18637
312925
608428
257692
124632
97123
357694
890791
811150
78618
659280
640674
875618
426091
784620
169105
185748
700631
490762
557706
701982
860944
523709
659321
649522
539361
399759
514780
834471
460771
420379
988694
913922
677656
723048
861476
659354
868732
503117
631662
239835
282586
791376
294689
567767
858618
166139
868937
849332
25019
334294
734545
21928
937461
870128
533149
14775
21805
623375
864076
141903
969331
198910
966399
666423
648833
327942
924428
368743
724978
236772
889837
727453
7660
538736
410183
71893
164343
726576
693438
863252
131921
551847
373417
857030
311466
516087
79051
825462
474116
310852
40567
715235
302600
24158
946740
361197
340664
641431
919025
674411
71308
123063
663447
405603
611988
875355
978847
144424
510620
733013
559702
562014
548520
968434
780158
408851
701746
462285
323073
864690
444118
937765
106107
874005
667104
345950
868855
90568
271632
245589
540538
497960
469987
443894
222751
294451
561826
894137
188941
585654
177137
841955
833402
217074
195620
575871
158484
414449
538065
523413
85255
762412
841143
739717
272027
442532
978885
786591
489972
763799
359709
658985
896630
340744
309400
589807
885275
723191
510198
929814
553515
21996
20644
100939
65915
521384
819608
92464
955976
308536
251141
545659
728498
72896
362199
607170
285337
270097
182211
670381
174503
442935
685650
432751
112216
137985
99388
331428
67626
345007
678041
922305
582852
322475
872264
78936
952626
567958
918180
877699
741704
185138
214135
547662
380588
951440
824870
410281
580229
92914
252694
477401
299768
750973
261035
578927
687933
680034
984085
80904
344717
169610
188627
997197
944259
784090
284544
502835
688556
735473
140309
688622
449450
584966
632329
189047
277087
756451
407107
251451
251461
436166
202810
344200
188176
209267
106395
526563
113539
537907
282812
632968
210622
503617
408195
311935
417618
223730
569080
103996
681049
814520
676260
358878
279179
922972
577205
30106
123919
823702
496119
521639
427903
726343
606699
303430
397673
4415
892316
45758
234051
480655
581520
403820
615005
631005
356887
561787
672474
789534
530315
690518
748243
311825
610512
847021
861624
442906
626767
964665
347987
786599
614150
837399
400852
259488
697405
918060
846948
327611
750661
175017
503082
946437
722322
308647
377816
277791
608910
37899
674793
923180
916609
125395
908192
4002
540988
836967
752749
623991
617737
569014
244412
724752
35439
8025
947557
351066
616107
592808
49238
653464
310901
740964
162947
180652
740937
461354
757391
818599
783454
801345
541847
238867
699821
212724
235353
131445
192672
324615
639071
716662
141036
522001
529149
553330
950916
474147
559836
337748
687805
45775
642645
297513
755941
268314
566192
504954
755926
595675
220818
409623
135928
36580
751905
941941
645339
162225
793235
269785
187764
314877
375025
149294
174030
238974
530478
425988
756129
438637
26711
928279
184554
393581
837135
670977
555103
655315
835920
313843
487352
621257
568467
500262
140319
635592
202930
401709
380080
562167
722925
408060
131846
462624
637800
871810
195710
161443
828256
966815
818397
299258
537892
233804
967001
357782
104550
536677
18315
21434
551244
609933
431541
579360
744725
660076
182479
30487
329388
555564
229445
454730
645460
604938
882519
597045
713133
176770
505312
705190
899135
576059
835195
373767
20129
262053
710416
689005
857327
957460
102385
605412
158197
889926
824282
339975
674340
221024
417262
981791
727495
77402
746368
405846
914250
119302
975259
840694
875015
804372
585790
296955
856342
927146
998735
103096
985707
707507
795333
34519
553850
257034
846549
743479
379996
326954
508215
883830
882051
829555
701282
981216
616808
174670
738065
768727
841338
681545
797345
573214
502661
944090
587973
193024
762451
112282
748042
413505
629174
837254
749396
916623
285524
180492
324721
751831
241007
888165
904144
335526
40758
228587
646960
157867
372526
794001
173716
318035
339575
788791
834169
421668
637219
653401
463507
657483
611748
618160
821458
641226
236306
211611
177233
65186
165437
912316
706965
64059
700439
503034
228350
150222
541202
447466
906343
975593